750
0
28
120
638
325
644
309
536
34
275
70
154
483
109
820
181
22
775
441
29
676 816
46 204
71 511
2 20
12 27
36 114
30 94
99 837
93 795
58 339
285 726
67 470
31 108
49 249
350 414
6 15
32 118
10 88
157 620
40 183
47 242
52 289
146 481
65 409
80 581
105 995
44 169
0 8
131 413
138 458
72 543
199 991
57 344
375 612
59 372
61 392
82 619
95 796
26 91
474 528
102 894
126 256
85 721
116 153
18 51
37 162
76 615
101 847
163 714
124 243
129 402
66 469
171 751
338 407
168 740
128 386
55 341
143 461
115 150
172 813
182 873
246 424
335 977
259 537
147 513
437 903
119 195
133 415
238 410
165 735
134 438
151 522
96 797
137 447
269 674
226 368
234 383
198 982
173 817
156 524
257 482
227 376
405 794
130 401
290 808
280 716
161 686
160 670
224 327
215 270
273 703
158 665
608 810
365 571
218 304
288 765
330 988
271 701
144 475
252 454
336 371
206 993
426 835
53 262
54 263
64 408
68 471
69 521
79 553
84 661
86 744
97 814
104 861
117 155
123 200
607 774
152 617
175 846
180 856
185 840
188 885
343 443
244 422
373 583
385 643
384 653
297 832
250 452
487 573
465 953
432 853
484 566
223 318
321 912
331 345
266 544
190 929
191 960
207 231
214 236
221 307
237 394
248 444
253 455
264 494
291 770
295 800
306 858
310 881
322 932
324 956
337 388
353 490
464 947
434 872
366 572
668 759
428 862
355 518
501 681
632 930
545 943
495 622
359 525
631 876
478 547
459 937
492 609
630 838
382 625
510 695
498 664
363 562
390 662
529 879
599 715
660 709
628 834
395 675
398 697
399 705
403 760
417 801
419 833
418 825
427 841
445 891
449 915
466 984
476 534
496 624
503 689
601 758
577 585
512 737
517 805
580 595
535 866
523 763
527 857
542 920
548 952
552 973
558 563
568 579
578 590
586 651
587 657
589 711
600 753
598 684
603 769
618 818
633 949
634 957
635 958
636 965
637 996
659 967
666 710
673 789
683 871
685 882
696 911
698 918
699 919
700 927
717 990
720 934
731 781
749 773
750 793
752 824
762 806
782 828
783 868
788 897
798 910
883 928
884 961
892 981
898 904
901 909
902 940
916 941
968 974
945 946
979 980
985 999
564 582
296
166
504
329
241
391
19
298
11
604
113
287
211
38
203
21
860
5
652
645
35
358
233
25
602
41
433
605
964
48
688
92
260
24
125
951
570
4
167
799
265
516
268
435
677
196
436
584
412
3
387
17
7
286
78
442
50
479
559
302
367
997
588
62
576
229
14
13
606
230
497
39
81
450
228
87
561
272
301
488
736
316
889
923
323
98
140
23
567
596
251
663
480
222
514
869
16
73
743
364
179
194
467
815
254
277
361
778
332
416
888
702
348
439
103
294
141
994
193
159
370
404
546
149
532
499
723
627
849
60
9
509
557
707
462
100
74
112
111
423
756
899
239
75
616
755
184
83
45
209
777
148
245
210
406
446
89
300
393
225
836
706
896
936
551
493
826
33
477
177
145
768
139
550
187
110
43
106
746
170
320
913
90
314
127
217
197
654
460
784
219
278
189
724
201
121
136
208
852
878
829
42
276
132
176
614
135
850
349
261
472
313
531
232
247
255
855
122
508
539
258
107
212
174
704
279
178
839
63
505
485
745
451
803
312
283
732
565
192
292
648
962
719
440
142
202
468
216
560
771
220
319
311
164
463
457
267
692
274
377
346
378
575
802
831
328
671
776
303
282
456
240
299
186
352
761
998
293
400
305
56
281
397
623
502
830
594
712
431
533
728
925
333
430
507
334
356
933
655
374
205
77
213
597
284
340
500
647
473
360
342
362
425
389
379
519
235
347
893
626
629
812
729
922
880
396
411
448
682
486
317
357
351
491
669
865
549
489
641
992
506
315
650
924
421
530
380
687
326
429
741
611
381
848
785
538
640
718
354
905
591
556
526
939
610
520
867
767
369
554
694
722
978
592
540
555
541
942
804
827
807
574
747
678
515
569
787
658
667
691
875
453
754
926
649
725
907
739
779
963
613
727
679
819
708
886
420
811
843
822
713
742
680
642
863
693
621
656
987
690
790
646
766
874
757
791
908
950
730
308
593
969
792
859
772
733
672
786
738
844
823
877
821
921
809
639
986
842
954
972
845
851
935
906
748
734
764
955
780
854
864
870
970
938
887
890
966
983
895
944
900
914
959
917
976
931
971
948
975
989
